%YAML:1.0

image_height: 608
image_width: 968

bf: 47.90639384423901

depth_lower_thr: 0.1
depth_upper_thr: 10.0

max_y_diff: 2

# radial-tangential: 0, equidistant/fisheye: 1
distortion_type: 0

# stereo rectification
LEFT_D: !!opencv-matrix
   rows: 1
   cols: 4
   dt: d
   data:  [-0.1255945656257394, 0.053221287232781606, 9.94070021080493e-05, 9.550660927242349e-05]
LEFT_K: !!opencv-matrix
   rows: 3
   cols: 3
   dt: d
   data: [543.3327734182214, 0.0, 489.02536042247897, 0.0, 542.398772982566, 305.38727712002805, 0.0, 0.0, 1.0]
LEFT_R:  !!opencv-matrix
   rows: 3
   cols: 3
   dt: d
   data: [0.999966347530033, -0.001422739138722922, 0.008079580483432283, 0.001365741834644127, 0.9999741760894847, 0.007055629199258132, -0.008089410156878961, -0.007044357138835809, 0.9999424675829176]
LEFT_P:  !!opencv-matrix
   rows: 3
   cols: 4
   dt: d
   data: [543.3327734182214, 0.0, 489.02536042247897, 0,  0, 542.398772982566, 305.38727712002805, 0,  0, 0, 1, 0]
