%YAML:1.0

image_height: 512
image_width: 640

bf: 47.90639384423901

depth_lower_thr: 0.1
depth_upper_thr: 10.0

max_y_diff: 2

# radial-tangential: 0, equidistant/fisheye: 1
distortion_type: 1

# stereo rectification
LEFT_D: !!opencv-matrix
   rows: 1
   cols: 4
   dt: d
   data:  [-0.06125568297136998, -0.003796743395135256, 0.027326634771204592, -0.030296403142887066]
   #[-0.06125568297136998, -0.003796743395135256, 0.027326634771204592, -0.030296403142887066, 0.0]
LEFT_K: !!opencv-matrix
   rows: 3
   cols: 3
   dt: d
   data: [413.32595366566017, 0.0, 305.9507483284928, 0.0, 413.70198739483686, 259.4439948946375, 0.0, 0.0, 1.0]
LEFT_R:  !!opencv-matrix
   rows: 3
   cols: 3
   dt: d
   data: [0.999966347530033, -0.001422739138722922, 0.008079580483432283, 0.001365741834644127, 0.9999741760894847, 0.007055629199258132, -0.008089410156878961, -0.007044357138835809, 0.9999424675829176]
LEFT_P:  !!opencv-matrix
   rows: 3
   cols: 4
   dt: d
   data: [413.32595366566017, 0.0, 305.9507483284928, 0,  0, 413.70198739483686, 259.4439948946375, 0,  0, 0, 1, 0]

# RIGHT_D: !!opencv-matrix
#    rows: 1
#    cols: 5
#    dt: d
#    data: [-0.28368365, 0.07451284, -0.00010473, -3.555907e-05, 0.0]
# RIGHT_K: !!opencv-matrix
#    rows: 3
#    cols: 3
#    dt: d
#    data: [457.587, 0.0, 379.999, 0.0, 456.134, 255.238, 0.0, 0.0, 1]
# RIGHT_R:  !!opencv-matrix
#    rows: 3
#    cols: 3
#    dt: d
#    data: [0.9999633526194376, -0.003625811871560086, 0.007755443660172947, 0.003680398547259526, 0.9999684752771629, -0.007035845251224894, -0.007729688520722713, 0.007064130529506649, 0.999945173484644]
# RIGHT_P:  !!opencv-matrix
#    rows: 3
#    cols: 4
#    dt: d
#    data: [435.2046959714599, 0, 367.4517211914062, -47.90639384423901, 0, 435.2046959714599, 252.2008514404297, 0, 0, 0, 1, 0]
